0.1707686440	0.9816019624	0.4893739883
0.0712129208	0.2381859288	0.4643033401
0.4315643825	0.7165822794	0.7177387794
0.6122157246	0.3209253843	0.7217442606
0.9305530006	0.8441767018	0.7209572649
0.6703112302	0.0030261624	0.6641773503
0.4035649581	0.8460439076	0.1981691348
0.5742532776	0.9064723075	0.6575059531
0.0686921190	0.6122334229	0.9158101859
0.0706549395	0.2735434529	0.1599145960
0.8913059134	0.5448772788	0.7736917887
0.2478024367	0.3042932019	0.1103481410
0.6965547190	0.1053402889	0.3359743053
0.0470124112	0.9499527536	0.8868648102
0.6386804653	0.6817753267	0.1907619561
0.7252782121	0.6443787278	0.6667656808
0.1785630746	0.8450146496	0.2370245175
0.7943534736	0.1262946751	0.9508906606
0.9405865169	0.5719519752	0.1813393859
0.8121368520	0.6409768726	0.8890641935
0.6283114773	0.8987803166	0.5704856418
0.2215091438	0.2696624642	0.0261347767
0.4432349960	0.0406449772	0.1339997695
0.2836052851	0.3677951165	0.8193531511
0.1898713311	0.2366420645	0.6212980945
0.9507532199	0.1955187827	0.6112821552
0.1445553385	0.8341416801	0.2994208563
0.7732757558	0.7242159540	0.1281737310
0.1588611301	0.6288479326	0.0584283588
0.3682780177	0.1895497501	0.2270609520
0.8102900963	0.0329761015	0.8663410692
0.1958885236	0.7078331755	0.7288738303
0.9748849178	0.0080931056	0.1379578098
0.2094068365	0.2982847077	0.2612793718
0.4749410287	0.6769853246	0.6199191423
0.6747614222	0.8290338896	0.9712129846
0.2675362004	0.7111485550	0.9701853627
0.2868051924	0.9019045838	0.5972847008
0.0051091856	0.8127624414	0.4680835381
0.3916327286	0.4869575070	0.7729995911
0.3720973314	0.5808405971	0.0552114009
0.7985446209	0.7918008399	0.3453923578
0.4783690381	0.4324925543	0.7696789339
0.3690653293	0.4760135617	0.3216612868
0.1112383885	0.4663832449	0.5508176328
0.3529536482	0.2850372142	0.8917949820
0.1386921044	0.3105461260	0.7301603142
0.8069183596	0.7303948684	0.2347216830
0.2735100978	0.9302797309	0.4776499578
0.9936993556	0.6623927856	0.4900747758
0.2870450568	0.2321808625	0.1997150718
0.5997872605	0.7100727728	0.2311522328
0.2428285463	0.4670814911	0.3498357428
0.4510197635	0.3302884356	0.4108849352
0.0796646474	0.5867028868	0.8278636879
0.1646833858	0.4367391452	0.2646372205
0.7994977172	0.8657076997	0.9155964549
0.7293262931	0.4505014074	0.0407332362
0.7417662083	0.0361498455	0.1907321270
0.5654570279	0.1206519430	0.1567605129
0.6424810892	0.4618820846	0.4017136112
0.7726887785	0.6479193238	0.7299898582
0.6600680975	0.7131774410	0.9828178728
0.8966257128	0.8837760979	0.2267226664
0.3316751547	0.2996701695	0.1145523333
0.8292510349	0.8931171288	0.0513108586
0.1019186711	0.9598531683	0.7292411612
0.0779548967	0.4339783027	0.5715474714
0.8279323116	0.3741740235	0.2211286143
0.5045895025	0.8840975397	0.9737902295
0.5616432055	0.5825678492	0.0559254510
0.4728057842	0.9795153134	0.7619162526
0.7005155992	0.9105845363	0.0380589303
0.9302419382	0.2319623801	0.1116109252
0.5554017567	0.4470783123	0.1102114821
0.4273894437	0.2276500554	0.2422472900
0.5018836789	0.6881909320	0.0503336291
0.1056581356	0.7992674737	0.4658224448
0.6935609049	0.1833282151	0.2406927265
0.8390506073	0.0178229269	0.2237665569
0.2334694161	0.5595451983	0.8872379444
0.1412207342	0.4812244581	0.7183878234
0.5081172352	0.0847773153	0.1977640426
0.1615732114	0.1121123580	0.2267242985
0.0739302202	0.2806506529	0.9921023796
0.7442702110	0.5695565826	0.1210510248
0.5717611072	0.2523418717	0.0549161298
0.2949978294	0.8321052501	0.3362160365
0.6258692983	0.4567554393	0.2107730869
0.5991056112	0.3713715126	0.5176180181
0.7214936860	0.0303362682	0.6713689592
0.6954704821	0.4735823913	0.3741238573
0.3976753978	0.7527927025	0.3080142395
0.9456278341	0.5742692078	0.9803289725
0.9214748274	0.2950983848	0.1508705004
0.6406627687	0.7799582530	0.7755219112
0.7736125369	0.7331032190	0.3557325745
0.1145544060	0.3464038484	0.9752661826
0.5050479712	0.2041874746	0.8506172783
0.8613256158	0.1722290530	0.6675066851
0.2851459655	0.5718679845	0.4888468989
0.4191031920	0.8737588671	0.3356411904
0.7346891333	0.1079599428	0.7700786086
0.7701355263	0.9390474222	0.4940386124
0.6059766730	0.5543436567	0.1301615494
0.4818975905	0.1870578500	0.6495705880
0.0245104128	0.3796287341	0.1113052652
0.5878647894	0.1275138386	0.4832481124
0.6461655931	0.4542079623	0.3620724016
0.3875168861	0.2951891438	0.4047844732
0.9491580741	0.8071136554	0.4594632773
0.4903578819	0.3295085734	0.6465453657
0.3481630121	0.8984481922	0.2947778951
0.7783031874	0.8028392509	0.3056410348
0.5775445273	0.8316426399	0.2677952550
0.8563041524	0.2038172920	0.1591948847
0.5819204645	0.6849163439	0.3947947574
0.9231547073	0.7314163227	0.4183793974
0.0176800585	0.5885898916	0.1665221856
0.1539710624	0.6233245597	0.5399462898
0.1653657996	0.1691439148	0.8754220311
0.8412783803	0.9503424325	0.2354062086
0.0822915945	0.4694653469	0.5863090451
0.3976039291	0.0937709411	0.5000633903
0.8242577873	0.5325458958	0.8024718035
0.5798254998	0.3562077894	0.3170121475
0.5540497681	0.8783481570	0.3298186055
0.9777358562	0.5528912278	0.2309901537
0.2255170199	0.5711882180	0.6296312456
0.8878589327	0.3883531289	0.5230867129
0.1801360707	0.7140959443	0.1114338594
0.8175024241	0.4281439107	0.9579038197
0.8688940622	0.6138533982	0.7555201303
0.2733392407	0.3179656361	0.9198505083
0.1681745504	0.4478896495	0.3940420404
0.9404834996	0.8049274854	0.4286035073
0.3781800847	0.9530586270	0.1982722962
0.3275553872	0.2996269041	0.3040168063
0.9247108362	0.4236965098	0.8156600126
0.0485142742	0.7402662633	0.6664312444
0.7855160637	0.7976184219	0.8415763319
0.1776764047	0.4783465459	0.1811677782
0.7212547274	0.3726102890	0.5309623868
0.9780211059	0.7814454453	0.0576396516
0.7976324316	0.3146789736	0.9059628702
0.4259918782	0.4177986502	0.4909831820
0.2680607330	0.5362156709	0.5301593453
0.5890613364	0.5615731940	0.3817310493
0.5594452317	0.4365928892	0.3016146339
0.9280564478	0.3467488129	0.5703710991
0.8796097717	0.8839033777	0.4383958977
0.3096533076	0.1962216247	0.1188238337
0.6034485274	0.5568014750	0.8038532961
0.9934547592	0.7268363368	0.2208361487
0.9705474009	0.1901939745	0.3949863623
0.0495655569	0.7041910588	0.8485997737
0.1475301275	0.5778671434	0.8734276337
0.7322010670	0.7323734133	0.4825454732
0.0837539888	0.4594808127	0.0415893253
0.5334417832	0.6459941311	0.6093833678
0.8553540947	0.3376424890	0.9135999450
0.0062309161	0.8909922823	0.1074956207
0.5300268042	0.8758854883	0.4525867498
0.2610881948	0.1301900442	0.6653433882
0.1642506713	0.6731671340	0.3741433887
0.0503949794	0.9346726374	0.4749142406
0.5526777749	0.1790119325	0.9139114096
0.2602248355	0.0836889446	0.5310516334
0.1760740945	0.3518180806	0.4912042270
0.0991789595	0.9366349072	0.8222289459
0.5722503969	0.6986235715	0.5118941820
0.2202283199	0.7678205973	0.3035842524
0.2225655947	0.5259983843	0.8825329795
0.1538691549	0.5963785558	0.8680210299
0.5787614356	0.8686080181	0.6328627595
0.6209645555	0.7768584091	0.0769986622
0.1290050172	0.7711882263	0.4783309934
0.0544760709	0.5429353797	0.9517398581
0.5760061808	0.9468366285	0.9618658809
0.7167655430	0.1297370566	0.3049178777
0.8887641025	0.7520259869	0.1566303954
0.1410201923	0.7349141408	0.0627098389
0.7644347250	0.2944283074	0.8479709839
0.4131828820	0.8257809943	0.1041842687
0.6379602301	0.0322963500	0.4616958369
0.9551784604	0.7897453572	0.0266198716
0.0726548581	0.3854722314	0.2800891438
0.5248803610	0.4338950152	0.1304849238
0.7634555614	0.9711438203	0.0345572713
0.2328207315	0.8044200671	0.3782501261
0.6248305863	0.3157106290	0.2827532686
0.9946085849	0.8743040192	0.9974798178
0.1400009914	0.3460080864	0.9068546268
0.1192968165	0.8577246436	0.3660864094
0.0913175926	0.1086027731	0.1272679376
0.7548955130	0.6025355491	0.3582035551
0.2241215739	0.5707582206	0.2330602278
0.4394450231	0.0955009107	0.0421491154
0.7875874900	0.8087608158	0.4824944505
0.9822994667	0.2630483507	0.7556275155
0.2855999960	0.3029660188	0.3156561802
0.6142491645	0.5491952703	0.7262358570
0.6413403509	0.6301348900	0.1188493811
0.2567252044	0.5992759270	0.5137220166
0.8621630858	0.7244751935	0.1870694485
0.3151785702	0.3119882672	0.2623329307
0.3494718282	0.3624171559	0.0217173531
0.2306848499	0.5494483124	0.4065661616
0.3378515537	0.0657449151	0.0724453792
0.7257701017	0.7630433198	0.5598540068
0.5154988737	0.7492495328	0.2432368046
0.3982620591	0.4123340159	0.2296566360
0.6875313232	0.6361845587	0.2327700361
0.7234604541	0.3925810182	0.8264321016
0.9489478614	0.6618316509	0.4871201701
0.9854775791	0.3154509385	0.4883735176
0.0833680913	0.8791575468	0.9192258824
0.3947610992	0.3948433804	0.3233350453
0.6502062446	0.1330416594	0.1470778639
0.9689057325	0.4745354750	0.1363650886
0.7321844840	0.2940625733	0.7491742360
0.5620757553	0.2767571832	0.2855394100
0.0853482324	0.7367140917	0.2225648106
0.9661647647	0.4515978861	0.8572989467
0.3134790010	0.9931568347	0.8509501450
0.0927989032	0.2183398571	0.6245146128
0.7954879547	0.0788042355	0.6608339713
0.1097377491	0.8404672854	0.4246975535
0.3836813711	0.4488681849	0.6256538150
0.7191141584	0.0241494602	0.3816292888
0.0045733939	0.0263178534	0.6700227307
0.7050445190	0.3374978440	0.7843651584
0.6212854832	0.6376676426	0.9814341203
0.8148251380	0.7763997430	0.7865617796
0.1393914325	0.4904499151	0.7126052108
0.9473210520	0.9653729319	0.2112448193
0.1878743996	0.9735024322	0.1348365715
0.8120317228	0.1639657737	0.3254067756
0.5961422797	0.8825158682	0.3674673271
0.3978455623	0.1659176702	0.4047292942
0.1920240011	0.3616659355	0.5798257673
0.9681715274	0.4597100394	0.3971196387
0.8877633980	0.0451488827	0.6207470317
0.4238486321	0.7754871907	0.3706969776
0.5417220599	0.0392151844	0.3972383332
0.7187120564	0.6632368495	0.4242447799
0.9855481893	0.9261403472	0.0465526256
0.0122362098	0.2514105359	0.8286467986
0.4223806169	0.2015491984	0.4383758912
0.9476510093	0.6301696661	0.0840264335
0.3085229765	0.3527491716	0.1409757383
0.3569731125	0.6593723126	0.2581133569
0.9246665638	0.7104968759	0.6164958131
0.9998946319	0.7882880077	0.0246548369
0.5525773180	0.3450538676	0.5179276195
0.0440428128	0.7960989383	0.5438508423
0.2860868758	0.6138102283	0.9687464738
0.7295213689	0.0526011441	0.9965764820
0.7821139826	0.4050212709	0.7386848185
0.1990542313	0.8053651955	0.4251399788
0.9145851707	0.4019067440	0.7433847229
0.3992127743	0.5723101934	0.0094890611
0.6976499392	0.1362621196	0.1834743075
0.0059612923	0.3961709773	0.4584492535
0.8856466775	0.1864481406	0.9881129820
0.0425732125	0.7821289148	0.8691236138
0.6036597861	0.7605061360	0.4165491958
0.0622905040	0.9309317905	0.4436608479
0.6709957076	0.1947890948	0.6070536562
0.0858343849	0.5270248986	0.1219255922
0.6475488199	0.0506571450	0.2567307695
0.6070540750	0.7017804327	0.1849906707
0.1256396676	0.2680794533	0.9240311938
0.8030933694	0.9465419645	0.8901022978
0.4660109989	0.0011394926	0.0551582277
0.6890681270	0.6236317724	0.2361618750
0.0588387162	0.9575757244	0.1371287379
0.5322535344	0.1387035413	0.0398150026
0.9666450639	0.5739389717	0.3905676443
0.6431335090	0.3140647061	0.3959257379
0.7630999908	0.4203623447	0.4670858364
0.2377956918	0.7532866484	0.4643760762
0.5650500746	0.2374814088	0.4833051121
0.4624700933	0.9224461620	0.6082296156
0.6001382553	0.8871721738	0.7382305921
0.0682919666	0.5177130282	0.0019933378
0.6772074649	0.9054137479	0.1472903369
0.9462664418	0.1624800714	0.8266506957
0.0592144389	0.5449723815	0.1315838270
0.0723312703	0.8842326737	0.6802414569
0.4394222986	0.4868499476	0.5248537525
0.2862896350	0.7412941783	0.9839616388
0.0191137470	0.3331193469	0.8653774200
0.8655514645	0.8461800338	0.0297951530
0.0653894292	0.3345289563	0.1799947697
0.4374514021	0.1986428550	0.4516462858
0.2045601039	0.4485997619	0.2246808702
0.6050874454	0.5883237356	0.8863257371
0.1164694189	0.0847764743	0.8004855955
0.6246304679	0.7692050562	0.5929968216
0.7068796587	0.0217095638	0.8206044492
0.1266195219	0.4842428509	0.5797422889
0.5970599643	0.4490328644	0.5018947684
0.2411183153	0.8747294183	0.4667327012
0.2247019609	0.9567176159	0.9103471883
0.1548099331	0.5892608119	0.7877965085
0.0355270122	0.0627507461	0.0297041992
0.6897041678	0.4312065754	0.3868021207
0.6840809798	0.0340796067	0.9016163637
0.1676009937	0.3054146258	0.4768726968
0.4139148026	0.5054294128	0.9698028304
0.5681098920	0.4907273955	0.1569286155
0.0456881814	0.8432514131	0.2519338711
0.3912131415	0.4110575903	0.9160198566
0.7188497451	0.8739846429	0.0958582495
0.0821902977	0.4183536801	0.8166479835
0.8915078062	0.8016318526	0.9328655182
0.9888053351	0.1405350838	0.8308361453
0.1917786832	0.3974648352	0.7661849620
0.9242853165	0.1945857012	0.7334987915
0.4719899939	0.8087705578	0.5308992794
0.1313187489	0.5623269990	0.0262323493
0.2086594802	0.7021123566	0.9113011192
0.5895814138	0.7218366544	0.5692409740
0.9921528486	0.5661914910	0.4962584013
0.0676456173	0.0118244227	0.1061404116
0.3696728523	0.0581213855	0.4098741804
0.5848747474	0.7158415233	0.7424917984
0.0911834119	0.1967405915	0.3790315406
0.7066227085	0.3382109315	0.8645473068
0.6835381802	0.9128711481	0.5759460318
0.3803869515	0.0173285906	0.0898851507
0.5276436618	0.8551864383	0.3566184484
