0.563475 0.876235 0.66006
0.918688 0.106104 0.580914
0.91819 0.976753 0.877284
0.915641 0.716177 0.850396
0.510885 0.133156 0.825417
0.71007 0.193513 0.84785
0.000501 0.059801 0.315167
0.079921 0.143056 0.736006
0.525795 0.169751 0.992912
0.587618 0.658656 0.11438
0.94292 0.965711 0.95966
0.995547 0.608799 0.056103
0.011231 0.924453 0.34865
0.715655 0.898788 0.966069
0.102678 0.797378 0.109364
0.952425 0.178931 0.855013
0.583229 0.023141 0.151294
0.775518 0.018106 0.98196
0.7464 0.778058 0.254585
0.538438 0.006728 0.962237
0.832607 0.535963 0.74108
0.34482 0.136438 0.001875
0.735695 0.754814 0.180916
0.898063 0.719625 0.973719
0.907366 0.055884 0.79243
0.251533 0.579185 0.737747
0.023558 0.42158 0.302145
0.218972 0.336291 0.047305
0.886332 0.245982 0.024982
0.59778 0.036701 0.220436
0.988094 0.040683 0.982692
0.472896 0.246006 0.901514
0.021924 0.617876 0.056098
0.965135 0.016125 0.209462
0.310527 0.295029 0.78765
0.986539 0.139518 0.886896
0.978335 0.579631 0.992982
0.982596 0.810355 0.801511
0.999498 0.012217 0.495829
0.037801 0.079491 0.943832
0.029925 0.091398 0.008933
0.982093 0.813466 0.32684
0.398001 0.872036 0.960783
0.919661 0.497273 0.339839
0.791632 0.983913 0.650627
0.924946 0.11941 0.984289
0.02321 0.919151 0.895693
0.087052 0.90091 0.227605
0.285628 0.552829 0.61264
0.057939 0.386365 0.643431
0.97757 0.907878 0.163604
0.958927 0.490956 0.464477
0.896369 0.994316 0.320653
0.45848 0.031336 0.348519
0.359901 0.658766 0.924518
0.806132 0.984614 0.593314
0.94746 0.411411 0.992442
0.298824 0.980694 0.098745
0.130731 0.300518 0.129536
0.017599 0.838792 0.100564
0.880331 0.604512 0.451807
0.998355 0.499243 0.924294
0.909856 0.795131 0.990672
0.622276 0.607945 0.196165
0.792242 0.064729 0.02404
0.839837 0.059639 0.004334
0.679705 0.441307 0.828367
0.321784 0.955563 0.726316
0.188113 0.999499 0.144039
0.990027 0.612244 0.999507
0.594317 0.213588 0.007279
0.902023 0.743306 0.909841
0.315255 0.270696 0.01884
0.127487 0.899585 0.042659
0.999499 0.772603 0.050101
0.866233 0.740966 0.167549
0.966953 0.115302 0.005182
0.936215 0.178127 0.597723
0.982466 0.864483 0.183824
0.906676 0.058359 0.137335
0.294683 0.906422 0.976592
0.583386 0.968959 0.813673
0.114464 0.502452 0.175267
0.990877 0.126905 0.1966
0.959532 0.999499 0.999275
0.57386 0.449296 0.283143
0.991196 0.039998 0.05684
0.337679 0.182723 0.348382
0.81299 0.122731 0.125716
0.999499 0.918241 0.584482
0.087602 0.945011 0.851258
0.87769 0.251234 0.425721
0.999499 0.110541 0.38007
0.140271 0.945007 0.994999
0.348527 0.984103 0.279642
0.080057 0.984437 0.921435
0.919427 0.982763 0.38811
0.18709 0.045023 0.998262
0.949198 0.013414 0.979802
0.9995 0.003738 0.850228
0.999498 0.763555 0.620884
0.819619 0.973475 0.338284
0.246402 0.927445 0.91312
0.480382 0.027294 0.643619
0.071207 0.606298 0.032557
0.961039 0.944537 0.847282
0.597125 0.17924 0.041403
0.979988 0.091521 0.545448
0.940905 0.016337 0.383982
0.266918 0.929048 0.700647
0.8666 0.731216 0.4394
0.754441 0.016866 0.813349
0.006042 0.568781 0.322854
0.984765 0.386662 0.305543
0.750455 0.163434 0.191132
0.439754 0.005878 0.102839
0.792813 0.968226 0.438873
0.11971 0.92035 0.532812
0.534504 0.78067 0.102898
0.849711 0.989831 0.729934
0.411952 0.964956 0.985569
0.961126 0.891147 0.209852
0.011509 0.00688 0.78999
0.85539 0.001278 0.59839
0.160909 0.022531 0.903231
0.999499 0.943608 0.323939
0.337432 0.210935 0.271631
0.905424 0.433194 0.157401
0.954814 0.740215 0.623468
0.755433 0.978804 0.713346
0.983501 0.799459 0.028409
0.467797 0.396811 0.999505
0.9995 0.22985 0.951619
0.886438 0.407482 0.971653
0.961831 0.855121 0.319807
0.07218 0.547927 0.554463
0.000501 0.996515 0.118739
0.79941 0.084727 0.287472
0.709087 0.033897 0.906366
0.838841 0.363093 0.856461
0.473881 0.033893 0.952096
0.977761 0.785056 0.126451
0.112125 0.985615 0.718089
0.998217 0.134623 0.008528
0.011412 0.0309 0.938709
0.999499 0.934573 0.6046
0.982324 0.28359 0.653897
0.951097 0.9995 0.452798
0.594179 0.9995 0.315509
0.171112 0.096728 0.730946
0.985882 0.609728 0.520084
0.385592 0.710038 0.1637
0.926211 0.826697 0.965378
0.051633 0.594348 0.153444
0.242811 0.113618 0.346707
0.001145 0.017951 0.954744
0.324948 0.989313 0.955052
0.142556 0.966926 0.593881
0.00817 0.448999 0.018865
0.999499 0.272444 0.682832
0.565451 0.661783 0.998217
0.765714 0.058746 0.0532
0.998358 0.118723 0.64728
0.519192 0.363917 0.849204
0.966171 0.023877 0.459394
0.599177 0.910282 0.595519
0.979123 0.527577 0.994115
0.986373 0.338824 0.565115
0.135552 0.610512 0.482238
0.260292 0.984697 0.935029
0.988846 0.873604 0.662009
0.002275 0.133563 0.31483
0.878784 0.848452 0.975434
0.217035 0.141574 0.982508
0.883062 0.666963 0.803902
0.534219 0.90759 0.059496
0.570461 0.399335 0.586954
0.115878 0.863157 0.983956
0.312443 0.597754 0.991421
0.949845 0.324613 0.285982
0.396543 0.044363 0.125855
0.81463 0.009798 0.03707
0.148528 0.909845 0.96491
0.47183 0.962206 0.189649
0.104001 0.031057 0.559891
0.304177 0.627126 0.001711
0.857269 0.775021 0.237808
0.999499 0.953313 0.039392
0.153227 0.155865 0.005312
0.791945 0.530087 0.444851
0.270122 0.135958 0.276678
0.972738 0.98987 0.994234
0.536097 0.053317 0.999141
0.877537 0.975688 0.450295
0.007722 0.994476 0.042219
0.001273 0.579204 0.328403
0.0005 0.593476 0.43371
0.999499 0.052181 0.067878
0.9995 0.891646 0.541912
0.500301 0.982513 0.921062
0.997377 0.314456 0.235849
0.999499 0.064035 0.922657
0.9995 0.357069 0.193683
0.834967 0.394606 0.576662
0.317552 0.375626 0.117399
0.998569 0.987299 0.34144
0.627949 0.078151 0.011262
0.975986 0.089844 0.479619
0.979444 0.191653 0.121961
0.958001 0.961133 0.664328
0.574717 0.987366 0.179266
0.183455 0.331775 0.345286
0.058088 0.867194 0.278575
0.12748 0.081065 0.935842
0.957644 0.365061 0.569088
0.532127 0.142334 0.632232
0.715519 0.245688 0.98063
0.999498 0.2172 0.326886
0.160212 0.54674 0.05349
0.758306 0.363418 0.184234
0.132727 0.977658 0.853268
0.202884 0.911291 0.23436
0.85375 0.144146 0.13791
0.40044 0.988029 0.957126
0.0005 0.586886 0.979758
0.045172 0.999454 0.724316
0.321335 0.006374 0.836571
0.640296 0.912389 0.510635
0.806223 0.915467 0.854463
0.700616 0.63171 0.43345
0.971302 0.85471 0.791077
0.993621 0.779549 0.959378
0.939747 0.916688 0.983293
0.631192 0.851058 0.956905
0.982602 0.347393 0.8615
0.107568 0.854877 0.119957
0.744003 0.262126 0.054911
0.144768 0.629031 0.578869
0.987622 0.531207 0.403445
0.841419 0.8048 0.592436
0.744166 0.049999 0.580369
0.681174 0.371056 0.461165
0.254361 0.975862 0.78769
0.005843 0.743001 0.397906
0.985549 0.644115 0.456495
0.914741 0.531315 0.44104
0.919147 0.230992 0.134411
0.118093 0.016196 0.851543
0.002054 0.992755 0.541553
0.588019 0.287066 0.013156
0.905875 0.650071 0.101333
0.077324 0.195456 0.195372
0.319155 0.503616 0.778474
0.594316 0.507933 0.080818
0.259449 0.021179 0.675623
0.537825 0.990155 0.689917
0.993905 0.218877 0.976973
0.093194 0.457474 0.98454
0.750024 0.959594 0.945634
0.358568 0.628 0.531377
0.027878 0.901896 0.861766
0.066077 0.787625 0.082119
0.693823 0.817559 0.23525
0.597872 0.301155 0.460137
0.646312 0.994356 0.975418
0.551757 0.116986 0.936667
0.771271 0.856009 0.484303
0.117436 0.626307 0.549799
0.414698 0.486897 0.736975
0.83029 0.897209 0.111935
0.263737 0.247737 0.209439
0.573968 0.988629 0.374898
0.800621 0.117088 0.987409
0.418983 0.644065 0.939569
0.919779 0.038436 0.068508
0.508254 0.99203 0.211819
0.002547 0.18607 0.25766
0.018298 0.898752 0.004385
0.366178 0.857628 0.650237
0.140977 0.026232 0.395044
0.781128 0.984642 0.500319
0.0005 0.154998 0.575157
0.615073 0.063622 0.611033
0.174484 0.009823 0.687937
0.047554 0.879757 0.920105
0.963082 0.05345 0.000757
0.987686 0.987063 0.048422
0.987086 0.47802 0.92581
0.742483 0.989174 0.051983
0.368605 0.663241 0.860468
0.999499 0.071727 0.635981
0.918765 0.456437 0.984866
0.353523 0.301401 0.983999
0.153707 0.155997 0.002442
0.918319 0.4657 0.077003
0.887822 0.906955 0.667633
0.943849 0.902394 0.151333
0.48377 0.812405 0.978979
0.00884 0.502452 0.958194
0.565376 0.242435 0.78419
0.289125 0.392949 0.974743
0.801198 0.999499 0.779223
0.812921 0.9288 0.564567
0.907849 0.99456 0.622333
0.546981 0.195307 0.987816
0.03229 0.886998 0.93604
0.779374 0.00355 0.097486
0.000502 0.749936 0.420089
0.987513 0.138096 0.984906
0.698805 0.564717 0.593364
0.440861 0.324475 0.917445
0.999499 0.45599 0.110269
0.107011 0.989626 0.176326
0.562171 0.235606 0.992471
0.514378 0.982932 0.028942
0.876486 0.95688 0.896996
0.790692 0.292597 0.990031
0.030546 0.999499 0.875399
0.736019 0.48153 0.876557
0.970909 0.508905 0.830445
0.180932 0.894806 0.65811
0.999498 0.9995 0.024014
0.927669 0.98534 0.991338
0.984139 0.203746 0.769001
0.940468 0.17448 0.636446
0.021447 0.914509 0.24749
0.070049 0.807093 0.361511
0.915917 0.961675 0.920797
0.657885 0.712586 0.440563
0.180652 0.823594 0.958118
0.929671 0.389799 0.708053
0.007468 0.048199 0.024112
0.156661 0.844975 0.504082
